%YAML:1.0
---
model_type: PINHOLE
camera_name: camera
image_width: 1280
image_height: 720
distortion_parameters:
   k1: 0.0669732314561319
   k2: -0.00835670707839438
   p1: 0.0
   p2: 0.0
projection_parameters:
   fx: 669.443974269251
   fy: 666.378060047084
   cx: 656.225850183228
   cy: 358.236706536470


