%YAML:1.0
---
model_type: PINHOLE
camera_name: camera
image_width: 640
image_height: 480
distortion_parameters:
   k1: 0.0537108413734813
   k2: -0.0487700213898744
   p1: 0.0
   p2: 0.0
projection_parameters:
   fx: 388.897188571014
   fy: 387.770687583538
   cx: 321.569901352498
   cy: 242.898411086994
