%YAML:1.0
---
model_type: PINHOLE
camera_name: camera
image_width: 1280
image_height: 720
distortion_parameters:
   k1: 0.0352700710506566
   k2: 0.0844158536574122
   p1: 0.0
   p2: 0.0
projection_parameters:
   fx: 660.573830574021
   fy: 658.399464190164
   cx: 635.024645493683
   cy: 359.906965100100
