%YAML:1.0
---
model_type: PINHOLE
camera_name: camera
image_width: 1280
image_height: 720
distortion_parameters:
   k1: -0.009839738103587454
   k2: -0.07374947562666781
   p1: -0.007099127255716806
   p2: -0.005237825638450744
projection_parameters:
   fx: 565.8057953023504
   fy: 565.2392995828744
   cx: 630.2071867520484
   cy: 362.62631571488834
