%YAML:1.0
---
model_type: PINHOLE
camera_name: camera
image_width: 640
image_height: 480
distortion_parameters:
   k1: 0.0391
   k2: 0.8631
   p1: 0.0
   p2: 0.00
projection_parameters:
   fx: 618.84225
   fy: 615.389498
   cx: 348.65504811387
   cy: 233.9603674947
