%YAML:1.0
---
model_type: PINHOLE
camera_name: camera
image_width: 640
image_height: 480
distortion_parameters:
   k1: 0.1028
   k2: 0.5151
   p1: 0.0
   p2: 0.000
projection_parameters:
   fx: 947.2107023476666
   fy: 943.3539475674007
   cx: 676.3654295537435
   cy: 352.36914535901
