%YAML:1.0
---
model_type: PINHOLE
camera_name: camera
image_width: 640
image_height: 480
distortion_parameters:
   k1: 0.0376301602753823
   k2: 0.0353506221916755
   p1: 0.0
   p2: 0.0
projection_parameters:
   fx: 389.438379811923
   fy: 388.310858026317
   cx: 334.508768169769
   cy: 241.640828703890


