%YAML:1.0
---
model_type: PINHOLE
camera_name: camera
image_width: 640
image_height: 480
distortion_parameters:
   k1: -0.06388707240781179
   k2: 1.9398684477764117
   p1: 0.005029774685197578
   p2: -0.02280181392279345
projection_parameters:
   fx: 903.8627197084661
   fy: 891.9273293572975
   cx: 586.5676838157472
   cy: 348.15426617147676
