%YAML:1.0
---
model_type: PINHOLE
camera_name: camera
image_width: 1280
image_height: 720
distortion_parameters:
   k1: 0.0634769258703095
   k2: -0.00693147569088244
   p1: 0.0
   p2: 0.0
projection_parameters:
   fx: 652.264417714710
   fy: 649.581621885366
   cx: 658.216415397212
   cy: 356.840903786500


